000001
000002
000003
000004
000005
000006
000007
000008
000011
000016
000018
000019
000020
000021
000025
000026
000027
000030
000033
000035
000036
000037
000038
000039
000041
000042
000043
000044
000045
000046
000047
000048
000049
000050
000051
000052
000054
000056
000057
000058
000060
000061
000062
000063
000064
000065
000066
000069
000070
000071
000072
000073
000077
000078
000079
000080
000081
000082
000083
000084
000085
000086
000087
000088
000089
000091
000093
000094
000095
000096
000097
000099
000100
000102
000103
000104
000106
000108
000109
000110
000111
000112
000113
000114
000115
000117
000121
000122
000123
000125
000126
000127
000128
000129
000130
000132
000134
000138
000140
000142
000143
000144
000145
000146
000147
000150
000151
000152
000153
000154
000156
000158
000159
000160
000162
000165
000166
000167
000168
000169
000170
000171
000172
000173
000174
000175
000176
000177
000178
000179
000180
000182
000184
000185
000186
000188
000189
000190
000191
000193
000194
000195
000196
000198
000199
000200
000201
000202
000204
000205
000206
000207
000208
000209
000210
000213
000215
000216
000217
000218
000221
000223
000225
000226
000227
000228
000232
000233
000234
000236
000238
000239
000240
000242
000243
000245
000246
000247
000249
000250
000251
000252
000253
000257
000258
000260
000261
000265
000267
000270
000271
000272
000273
000276
000277
000278
000279
000280
000281
000283
000284
000285
000286
000287
000288
000289
000292
000293
000294
000295
000296
000298
000299
000301
000302
000309
000310
000311
000312
000313
000314
000316
000317
000318
000320
000321
000322
000323
000324
000325
000326
000327
000328
000329
000331
000332
000335
000336
000337
000338
000339
000341
000342
000343
000344
000345
000347
000348
000349
000350
000353
000354
000355
000356
000357
000358
000359
000361
000362
000363
000364
000365
000367
000368
000370
000371
000372
000373
000374
000376
000377
000379
000380
000381
000383
000385
000386
000387
000388
000389
000391
000393
000394
000395
000396
000397
000399
000400
000401
000402
000403
000405
000406
000407
000410
000411
000412
000413
000414
000415
000416
000417
000418
000419
000420
000421
000422
000424
000426
000427
000428
000429
000432
000433
000434
000435
000438
000439
000441
000443
000445
000446
000447
000448
000449
000451
000452
000453
000455
000456
000457
000458
000459
000460
000463
000464
000465
000466
000467
000468
000469
000471
000473
000474
000475
000476
000477
000478
000479
000480
000482
000483
000484
000485
000490
000492
000493
000494
000495
000496
000497
000498
000500
000502
000503
000509
000510
000511
000512
000514
000515
000516
000517
000518
000520
000521
000522
000523
000525
000527
000528
000529
000531
000532
000534
000535
000536
000537
000538
000539
000541
000543
000545
000546
000547
000548
000549
000550
000551
000553
000554
000555
000556
000557
000558
000559
000560
000562
000563
000565
000566
000570
000572
000573
000575
000577
000578
000579
000580
000582
000583
000585
000586
000587
000588
000589
000591
000592
000594
000595
000596
000597
000599
000600
000601
000606
000607
000608
000609
000610
000611
000612
000613
000614
000615
000616
000617
000618
000621
000622
000623
000624
000625
000626
000627
000628
000630
000632
000633
000634
000636
000637
000638
000641
000642
000643
000645
000647
000648
000650
000651
000652
000653
000654
000656
000657
000658
000659
000663
000664
000665
000666
000667
000668
000669
000670
000671
000673
000674
000675
000677
000678
000679
000680
000681
000682
000683
000684
000685
000686
000687
000688
000689
000690
000691
000692
000693
000696
000698
000699
000700
000701
000702
000703
000704
000705
000706
000707
000709
000710
000714
000715
000718
000719
000720
000721
000722
000723
000724
000725
000726
000728
000730
000733
000734
000736
000738
000740
000741
000742
000744
000745
000747
000749
000750
000751
000755
000757
000758
000759
000760
000761
000762
000763
000765
000766
000767
000768
000770
000772
000776
000777
000778
000779
000780
000781
000782
000783
000784
000785
000787
000788
000789
000790
000791
000792
000794
000795
000797
000798
000799
000800
000801
000803
000804
000805
000806
000811
000813
000815
000816
000817
000818
000822
000824
000825
000826
000828
000829
000830
000831
000832
000833
000834
000835
000836
000837
000838
000839
000840
000841
000842
000843
000844
000845
000847
000849
000850
000851
000852
000853
000854
000855
000856
000857
000859
000860
000861
000862
000864
000865
000866
000868
000871
000872
000873
000874
000876
000877
000881
000885
000886
000887
000889
000890
000892
000895
000896
000899
000901
000902
000903
000904
000905
000907
000908
000913
000914
000915
000916
000917
000923
000924
000927
000929
000930
000931
000932
000933
000934
000935
000936
000937
000938
000939
000940
000941
000942
000943
000944
000945
000948
000949
000950
000951
000952
000953
000955
000956
000957
000958
000959
000962
000963
000964
000966
000969
000970
000972
000973
000974
000975
000976
000979
000980
000981
000983
000985
000987
000990
000992
000993
000994
000995
000998
001000
001001
001002
001003
001004
001005
001008
001009
001010
001012
001013
001014
001015
001016
001017
001018
001019
001021
001022
001024
001025
001026
001027
001028
001030
001032
001033
001034
001035
001037
001038
001039
001040
001041
001042
001046
001048
001049
001051
001052
001053
001055
001056
001058
001060
001061
001063
001064
001065
001066
001067
001070
001071
001072
001074
001077
001079
001081
001082
001083
001085
001086
001087
001088
001089
001090
001092
001093
001094
001095
001097
001098
001101
001102
001103
001105
001107
001108
001109
001110
001111
001112
001113
001115
001116
001117
001118
001119
001120
001121
001122
001123
001124
001125
001126
001128
001131
001132
001133
001134
001135
001136
001137
001138
001140
001141
001142
001143
001144
001145
001148
001149
001150
001151
001152
001154
001156
001158
001159
001160
